Ano     Media
1988	6.282654943615779E7
1989	2.719039603487822E7
1990	3.878290595332087E7
1991	2.794357986027724E7
1992	1.720743774831755E7
1993	2.7601356251147963E7
1994	4.3243857897401325E7
1995	3.901741335963992E7
1996	3.966415299548231E7
1997	2.2434427817517594E7
1998	4.991365203914099E7
1999	3.176777803393626E7
2000	3.040148477299064E7
2001	2.0863744938511997E7
2002	3.627305711862123E7
2003	2.7947635367566545E7
2004	3.7884239477791265E7
2005	3.5619384277306855E7
2006	4.545880150198865E7
2007	3.6751074411603734E7
2008	3.257543154946059E7
2009	3.646208578197117E7
2010	4.7009942365258574E7
2011	4.273294884050367E7
2012	3.816526071440798E7
2013	5.602136296373759E7
2014	5.373864084251123E7
2015	4.762180599288221E7
2016	6.2457964160773166E7
